              precision    recall  f1-score   support

           a       1.00      1.00      1.00        21
           b       1.00      1.00      1.00        21
           c       1.00      1.00      1.00        21
           d       1.00      1.00      1.00        21
           e       1.00      1.00      1.00        21
           f       1.00      1.00      1.00        21
           g       1.00      1.00      1.00        21
           h       1.00      1.00      1.00        21
           i       1.00      1.00      1.00        21
           k       0.95      1.00      0.98        21
           l       1.00      1.00      1.00        21
           m       1.00      1.00      1.00        21
           n       1.00      1.00      1.00        21
           o       1.00      1.00      1.00        21
           p       1.00      1.00      1.00        21
           q       1.00      1.00      1.00        21
           r       1.00      1.00      1.00        21
           s       1.00      1.00      1.00        21
           t       1.00      1.00      1.00        20
           u       1.00      1.00      1.00        21
           v       0.91      0.95      0.93        21
           w       1.00      0.90      0.95        21
           x       1.00      1.00      1.00        21
           y       1.00      1.00      1.00        21

    accuracy                           0.99       503
   macro avg       0.99      0.99      0.99       503
weighted avg       0.99      0.99      0.99       503
