Random Forest: 0.9569
Extra Trees: 0.9631
SVM: 0.9169

Best model: Extra Trees

Classification report:
              precision    recall  f1-score   support

           0       0.83      0.83      0.83         6
           1       0.86      1.00      0.92        12
           2       0.91      1.00      0.95        10
           3       1.00      1.00      1.00        14
           4       0.93      1.00      0.97        14
           5       1.00      0.93      0.96        14
           6       0.77      1.00      0.87        10
           7       1.00      1.00      1.00        13
           8       1.00      1.00      1.00        12
           9       1.00      1.00      1.00        14
           a       1.00      1.00      1.00         3
           b       0.93      1.00      0.96        13
           c       0.86      0.86      0.86         7
           d       1.00      1.00      1.00        13
           e       1.00      1.00      1.00         4
           f       1.00      1.00      1.00        14
           g       1.00      1.00      1.00        10
           h       1.00      1.00      1.00         9
           i       0.92      1.00      0.96        11
           j       1.00      0.67      0.80         3
           k       1.00      1.00      1.00        13
           l       1.00      1.00      1.00        14
           m       1.00      1.00      1.00         1
           n       1.00      1.00      1.00         2
           o       0.67      0.67      0.67         3
           p       1.00      1.00      1.00        10
           q       1.00      1.00      1.00         3
           r       1.00      1.00      1.00        10
           s       1.00      1.00      1.00         2
           u       1.00      1.00      1.00        13
           v       1.00      0.90      0.95        10
           w       1.00      0.70      0.82        10
           x       1.00      0.90      0.95        10
           y       1.00      1.00      1.00         7
           z       1.00      0.82      0.90        11

    accuracy                           0.96       325
   macro avg       0.96      0.95      0.95       325
weighted avg       0.97      0.96      0.96       325

Confusion matrix:
[[ 5  0  0 ...  0  0  0]
 [ 0 12  0 ...  0  0  0]
 [ 0  0 10 ...  0  0  0]
 ...
 [ 0  0  0 ...  9  0  0]
 [ 0  0  0 ...  0  7  0]
 [ 0  2  0 ...  0  0  9]]